/System/Library/Frameworks/Python.framework/Versions/2.6/bin/python2.6 /Users/no/TowersCorvallis/main.py
***** Running the Towers of Corvallis with the following settings
***** VERBOSE = 	False
***** MODE = 		TEST_BEAM
***** FILENAME = 	perms-6.txt
***** NMAX = 	50000
***** BEAM WIDTH = 100
***** SEARCH FN = BEAM
***** HEURISTIC FN = MANHATTAN_DISTANCE_ALL_PEG
***** PROBLEM Size = 10

*********** Performance Summary: Search  True
Goal Depth  16
Nodes expanded  18
Heuristic time  0.000723
Total Time  0.046411
d: 16 h:	0	[[5, 4, 3, 2, 1, 0], [], []]
d: 15 h:	1	[[5, 4, 3, 2, 1], [0], []]
d: 14 h:	2	[[5, 4, 3, 2], [0], [1]]
d: 13 h:	3	[[5, 4, 3, 2], [], [1, 0]]
d: 12 h:	4	[[5, 4, 3], [2], [1, 0]]
d: 11 h:	5	[[5, 4, 3], [2, 0], [1]]
d: 10 h:	6	[[5, 4], [2, 0], [1, 3]]
d: 9 h:	8	[[5, 4], [2], [1, 3, 0]]
d: 8 h:	9	[[5, 4], [], [1, 3, 0, 2]]
d: 7 h:	10	[[5], [4], [1, 3, 0, 2]]
d: 6 h:	11	[[], [4, 5], [1, 3, 0, 2]]
d: 5 h:	14	[[2], [4, 5], [1, 3, 0]]
d: 4 h:	15	[[2, 0], [4, 5], [1, 3]]
d: 3 h:	16	[[2, 0, 3], [4, 5], [1]]
d: 2 h:	20	[[2, 0, 3, 5], [4], [1]]
d: 1 h:	21	[[2, 0, 3, 5, 1], [4], []]
d: 0 h:	26	[[2, 0, 3, 5, 1, 4], [], []]
*********** Performance Summary: Search  True
Goal Depth  16
Nodes expanded  17
Heuristic time  0.000415
Total Time  0.028408
d: 16 h:	0	[[5, 4, 3, 2, 1, 0], [], []]
d: 15 h:	1	[[5, 4, 3, 2, 1], [0], []]
d: 14 h:	2	[[5, 4, 3, 2], [0], [1]]
d: 13 h:	3	[[5, 4, 3], [0], [1, 2]]
d: 12 h:	4	[[5, 4], [0, 3], [1, 2]]
d: 11 h:	5	[[5, 4], [0, 3, 2], [1]]
d: 10 h:	8	[[5, 4], [0, 3, 2, 1], []]
d: 9 h:	9	[[5], [0, 3, 2, 1], [4]]
d: 8 h:	9	[[5], [0, 3, 2], [4, 1]]
d: 7 h:	10	[[5], [0, 3], [4, 1, 2]]
d: 6 h:	11	[[], [0, 3, 5], [4, 1, 2]]
d: 5 h:	13	[[2], [0, 3, 5], [4, 1]]
d: 4 h:	14	[[2, 1], [0, 3, 5], [4]]
d: 3 h:	16	[[2, 1, 4], [0, 3, 5], []]
d: 2 h:	20	[[2, 1, 4, 5], [0, 3], []]
d: 1 h:	23	[[2, 1, 4, 5, 3], [0], []]
d: 0 h:	24	[[2, 1, 4, 5, 3, 0], [], []]
*********** Performance Summary: Search  True
Goal Depth  14
Nodes expanded  15
Heuristic time  0.000301
Total Time  0.018558
d: 14 h:	0	[[5, 4, 3, 2, 1, 0], [], []]
d: 13 h:	1	[[5, 4, 3, 2, 1], [0], []]
d: 12 h:	2	[[5, 4, 3, 2], [0], [1]]
d: 11 h:	3	[[5, 4, 3, 2], [], [1, 0]]
d: 10 h:	4	[[5, 4, 3], [], [1, 0, 2]]
d: 9 h:	5	[[5, 4], [], [1, 0, 2, 3]]
d: 8 h:	6	[[5], [4], [1, 0, 2, 3]]
d: 7 h:	7	[[5], [4, 3], [1, 0, 2]]
d: 6 h:	8	[[], [4, 3, 5], [1, 0, 2]]
d: 5 h:	12	[[2], [4, 3, 5], [1, 0]]
d: 4 h:	14	[[2, 5], [4, 3], [1, 0]]
d: 3 h:	17	[[2, 5, 0], [4, 3], [1]]
d: 2 h:	19	[[2, 5, 0, 1], [4, 3], []]
d: 1 h:	21	[[2, 5, 0, 1, 3], [4], []]
d: 0 h:	26	[[2, 5, 0, 1, 3, 4], [], []]
*********** Performance Summary: Search  True
Goal Depth  13
Nodes expanded  16
Heuristic time  0.000355
Total Time  0.021256
d: 13 h:	0	[[5, 4, 3, 2, 1, 0], [], []]
d: 12 h:	1	[[5, 4, 3, 2, 1], [0], []]
d: 11 h:	2	[[5, 4, 3, 2], [0], [1]]
d: 10 h:	3	[[5, 4, 3, 2], [], [1, 0]]
d: 9 h:	4	[[5, 4, 3], [2], [1, 0]]
d: 8 h:	5	[[5, 4, 3], [2, 0], [1]]
d: 7 h:	6	[[5, 4], [2, 0], [1, 3]]
d: 6 h:	8	[[5, 4], [2], [1, 3, 0]]
d: 5 h:	9	[[5], [2, 4], [1, 3, 0]]
d: 4 h:	10	[[5, 0], [2, 4], [1, 3]]
d: 3 h:	11	[[5, 0, 3], [2, 4], [1]]
d: 2 h:	14	[[5, 0, 3, 4], [2], [1]]
d: 1 h:	15	[[5, 0, 3, 4, 1], [2], []]
d: 0 h:	18	[[5, 0, 3, 4, 1, 2], [], []]
*********** Performance Summary: Search  True
Goal Depth  16
Nodes expanded  28
Heuristic time  0.000725
Total Time  0.045396
d: 16 h:	0	[[5, 4, 3, 2, 1, 0], [], []]
d: 15 h:	1	[[5, 4, 3, 2, 1], [0], []]
d: 14 h:	2	[[5, 4, 3, 2], [0, 1], []]
d: 13 h:	3	[[5, 4, 3], [0, 1], [2]]
d: 12 h:	4	[[5, 4, 3], [0], [2, 1]]
d: 11 h:	5	[[5, 4], [0, 3], [2, 1]]
d: 10 h:	6	[[5, 4], [0, 3, 1], [2]]
d: 9 h:	7	[[5], [0, 3, 1, 4], [2]]
d: 8 h:	8	[[], [0, 3, 1, 4], [2, 5]]
d: 7 h:	9	[[], [0, 3, 1], [2, 5, 4]]
d: 6 h:	12	[[1], [0, 3], [2, 5, 4]]
d: 5 h:	12	[[1, 4], [0, 3], [2, 5]]
d: 4 h:	13	[[1, 4, 3], [0], [2, 5]]
d: 3 h:	16	[[1, 4, 3, 0], [], [2, 5]]
d: 2 h:	16	[[1, 4, 3, 0], [5], [2]]
d: 1 h:	18	[[1, 4, 3, 0, 2], [5], []]
d: 0 h:	24	[[1, 4, 3, 0, 2, 5], [], []]
*********** Performance Summary: Search  True
Goal Depth  12
Nodes expanded  12
Heuristic time  0.000294
Total Time  0.015385
d: 12 h:	0	[[5, 4, 3, 2, 1, 0], [], []]
d: 11 h:	1	[[5, 4, 3, 2, 1], [], [0]]
d: 10 h:	2	[[5, 4, 3, 2], [1], [0]]
d: 9 h:	3	[[5, 4, 3], [1, 2], [0]]
d: 8 h:	4	[[5, 4], [1, 2], [0, 3]]
d: 7 h:	5	[[5], [1, 2], [0, 3, 4]]
d: 6 h:	6	[[], [1, 2, 5], [0, 3, 4]]
d: 5 h:	8	[[4], [1, 2, 5], [0, 3]]
d: 4 h:	10	[[4, 3], [1, 2, 5], [0]]
d: 3 h:	14	[[4, 3, 0], [1, 2, 5], []]
d: 2 h:	18	[[4, 3, 0, 5], [1, 2], []]
d: 1 h:	20	[[4, 3, 0, 5, 2], [1], []]
d: 0 h:	22	[[4, 3, 0, 5, 2, 1], [], []]
*********** Performance Summary: Search  True
Goal Depth  11
Nodes expanded  13
Heuristic time  0.000297
Total Time  0.015639
d: 11 h:	0	[[5, 4, 3, 2, 1, 0], [], []]
d: 10 h:	1	[[5, 4, 3, 2, 1], [0], []]
d: 9 h:	2	[[5, 4, 3, 2], [0], [1]]
d: 8 h:	3	[[5, 4, 3], [0], [1, 2]]
d: 7 h:	6	[[5, 4, 3], [], [1, 2, 0]]
d: 6 h:	7	[[5, 4], [3], [1, 2, 0]]
d: 5 h:	8	[[5], [3, 4], [1, 2, 0]]
d: 4 h:	10	[[5, 0], [3, 4], [1, 2]]
d: 3 h:	12	[[5, 0, 4], [3], [1, 2]]
d: 2 h:	13	[[5, 0, 4, 2], [3], [1]]
d: 1 h:	14	[[5, 0, 4, 2, 1], [3], []]
d: 0 h:	18	[[5, 0, 4, 2, 1, 3], [], []]
*********** Performance Summary: Search  True
Goal Depth  14
Nodes expanded  14
Heuristic time  0.000326
Total Time  0.019701
d: 14 h:	0	[[5, 4, 3, 2, 1, 0], [], []]
d: 13 h:	1	[[5, 4, 3, 2, 1], [], [0]]
d: 12 h:	2	[[5, 4, 3, 2], [1], [0]]
d: 11 h:	3	[[5, 4, 3], [1], [0, 2]]
d: 10 h:	4	[[5, 4, 3], [], [0, 2, 1]]
d: 9 h:	5	[[5, 4], [3], [0, 2, 1]]
d: 8 h:	6	[[5], [3], [0, 2, 1, 4]]
d: 7 h:	7	[[5], [], [0, 2, 1, 4, 3]]
d: 6 h:	8	[[], [5], [0, 2, 1, 4, 3]]
d: 5 h:	10	[[3], [5], [0, 2, 1, 4]]
d: 4 h:	11	[[3, 4], [5], [0, 2, 1]]
d: 3 h:	13	[[3, 4, 1], [5], [0, 2]]
d: 2 h:	14	[[3, 4, 1, 2], [5], [0]]
d: 1 h:	16	[[3, 4, 1, 2, 0], [5], []]
d: 0 h:	22	[[3, 4, 1, 2, 0, 5], [], []]
*********** Performance Summary: Search  True
Goal Depth  16
Nodes expanded  18
Heuristic time  0.000472
Total Time  0.027194
d: 16 h:	0	[[5, 4, 3, 2, 1, 0], [], []]
d: 15 h:	1	[[5, 4, 3, 2, 1], [0], []]
d: 14 h:	2	[[5, 4, 3, 2], [0], [1]]
d: 13 h:	3	[[5, 4, 3, 2], [], [1, 0]]
d: 12 h:	4	[[5, 4, 3], [2], [1, 0]]
d: 11 h:	5	[[5, 4, 3], [2, 0], [1]]
d: 10 h:	6	[[5, 4], [2, 0], [1, 3]]
d: 9 h:	8	[[5, 4], [2], [1, 3, 0]]
d: 8 h:	9	[[5], [2], [1, 3, 0, 4]]
d: 7 h:	10	[[], [2, 5], [1, 3, 0, 4]]
d: 6 h:	11	[[], [2, 5, 4], [1, 3, 0]]
d: 5 h:	13	[[0], [2, 5, 4], [1, 3]]
d: 4 h:	15	[[0, 3], [2, 5, 4], [1]]
d: 3 h:	16	[[0, 3, 4], [2, 5], [1]]
d: 2 h:	18	[[0, 3, 4, 1], [2, 5], []]
d: 1 h:	23	[[0, 3, 4, 1, 5], [2], []]
d: 0 h:	26	[[0, 3, 4, 1, 5, 2], [], []]
*********** Performance Summary: Search  True
Goal Depth  14
Nodes expanded  19
Heuristic time  0.000578
Total Time  0.033764
d: 14 h:	0	[[5, 4, 3, 2, 1, 0], [], []]
d: 13 h:	1	[[5, 4, 3, 2, 1], [0], []]
d: 12 h:	2	[[5, 4, 3, 2], [0, 1], []]
d: 11 h:	3	[[5, 4, 3], [0, 1], [2]]
d: 10 h:	4	[[5, 4, 3], [0], [2, 1]]
d: 9 h:	5	[[5, 4], [0], [2, 1, 3]]
d: 8 h:	11	[[5, 4], [], [2, 1, 3, 0]]
d: 7 h:	12	[[5], [4], [2, 1, 3, 0]]
d: 6 h:	13	[[], [4, 5], [2, 1, 3, 0]]
d: 5 h:	13	[[0], [4, 5], [2, 1, 3]]
d: 4 h:	15	[[0, 3], [4, 5], [2, 1]]
d: 3 h:	17	[[0, 3, 1], [4, 5], [2]]
d: 2 h:	21	[[0, 3, 1, 5], [4], [2]]
d: 1 h:	23	[[0, 3, 1, 5, 2], [4], []]
d: 0 h:	28	[[0, 3, 1, 5, 2, 4], [], []]
*********** Performance Summary: Search  True
Goal Depth  12
Nodes expanded  12
Heuristic time  0.000297
Total Time  0.016781
d: 12 h:	0	[[5, 4, 3, 2, 1, 0], [], []]
d: 11 h:	1	[[5, 4, 3, 2, 1], [], [0]]
d: 10 h:	2	[[5, 4, 3, 2], [], [0, 1]]
d: 9 h:	3	[[5, 4, 3], [2], [0, 1]]
d: 8 h:	4	[[5, 4], [2], [0, 1, 3]]
d: 7 h:	5	[[5], [2], [0, 1, 3, 4]]
d: 6 h:	6	[[], [2, 5], [0, 1, 3, 4]]
d: 5 h:	8	[[4], [2, 5], [0, 1, 3]]
d: 4 h:	10	[[4, 3], [2, 5], [0, 1]]
d: 3 h:	13	[[4, 3, 1], [2, 5], [0]]
d: 2 h:	16	[[4, 3, 1, 0], [2, 5], []]
d: 1 h:	21	[[4, 3, 1, 0, 5], [2], []]
d: 0 h:	24	[[4, 3, 1, 0, 5, 2], [], []]
*********** Performance Summary: Search  True
Goal Depth  18
Nodes expanded  22
Heuristic time  0.000586
Total Time  0.037773
d: 18 h:	0	[[5, 4, 3, 2, 1, 0], [], []]
d: 17 h:	1	[[5, 4, 3, 2, 1], [], [0]]
d: 16 h:	2	[[5, 4, 3, 2], [], [0, 1]]
d: 15 h:	3	[[5, 4, 3], [2], [0, 1]]
d: 14 h:	4	[[5, 4, 3], [2, 1], [0]]
d: 13 h:	7	[[5, 4, 3], [2, 1, 0], []]
d: 12 h:	8	[[5, 4], [2, 1, 0], [3]]
d: 11 h:	8	[[5, 4], [2, 1], [3, 0]]
d: 10 h:	9	[[5, 4], [2], [3, 0, 1]]
d: 9 h:	10	[[5, 4], [], [3, 0, 1, 2]]
d: 8 h:	11	[[5], [], [3, 0, 1, 2, 4]]
d: 7 h:	12	[[], [5], [3, 0, 1, 2, 4]]
d: 6 h:	13	[[], [5, 4], [3, 0, 1, 2]]
d: 5 h:	16	[[2], [5, 4], [3, 0, 1]]
d: 4 h:	18	[[2, 1], [5, 4], [3, 0]]
d: 3 h:	19	[[2, 1, 0], [5, 4], [3]]
d: 2 h:	21	[[2, 1, 0, 3], [5, 4], []]
d: 1 h:	24	[[2, 1, 0, 3, 4], [5], []]
d: 0 h:	30	[[2, 1, 0, 3, 4, 5], [], []]
*********** Performance Summary: Search  True
Goal Depth  10
Nodes expanded  10
Heuristic time  0.000285
Total Time  0.011888
d: 10 h:	0	[[5, 4, 3, 2, 1, 0], [], []]
d: 9 h:	1	[[5, 4, 3, 2, 1], [], [0]]
d: 8 h:	2	[[5, 4, 3, 2], [1], [0]]
d: 7 h:	3	[[5, 4, 3], [1, 2], [0]]
d: 6 h:	4	[[5, 4], [1, 2], [0, 3]]
d: 5 h:	5	[[5], [1, 2, 4], [0, 3]]
d: 4 h:	7	[[5, 3], [1, 2, 4], [0]]
d: 3 h:	9	[[5, 3, 4], [1, 2], [0]]
d: 2 h:	10	[[5, 3, 4, 2], [1], [0]]
d: 1 h:	12	[[5, 3, 4, 2, 0], [1], []]
d: 0 h:	14	[[5, 3, 4, 2, 0, 1], [], []]
*********** Performance Summary: Search  True
Goal Depth  13
Nodes expanded  15
Heuristic time  0.000406
Total Time  0.019094
d: 13 h:	0	[[5, 4, 3, 2, 1, 0], [], []]
d: 12 h:	1	[[5, 4, 3, 2, 1], [0], []]
d: 11 h:	2	[[5, 4, 3, 2], [0, 1], []]
d: 10 h:	3	[[5, 4, 3], [0, 1, 2], []]
d: 9 h:	4	[[5, 4], [0, 1, 2], [3]]
d: 8 h:	5	[[5, 4], [0, 1], [3, 2]]
d: 7 h:	6	[[5], [0, 1, 4], [3, 2]]
d: 6 h:	7	[[], [0, 1, 4, 5], [3, 2]]
d: 5 h:	10	[[2], [0, 1, 4, 5], [3]]
d: 4 h:	12	[[2, 5], [0, 1, 4], [3]]
d: 3 h:	13	[[2, 5, 3], [0, 1, 4], []]
d: 2 h:	16	[[2, 5, 3, 4], [0, 1], []]
d: 1 h:	17	[[2, 5, 3, 4, 1], [0], []]
d: 0 h:	18	[[2, 5, 3, 4, 1, 0], [], []]
*********** Performance Summary: Search  True
Goal Depth  15
Nodes expanded  15
Heuristic time  0.000316
Total Time  0.021369
d: 15 h:	0	[[5, 4, 3, 2, 1, 0], [], []]
d: 14 h:	1	[[5, 4, 3, 2, 1], [0], []]
d: 13 h:	2	[[5, 4, 3, 2], [0], [1]]
d: 12 h:	3	[[5, 4, 3, 2], [], [1, 0]]
d: 11 h:	4	[[5, 4, 3], [2], [1, 0]]
d: 10 h:	5	[[5, 4, 3], [2, 0], [1]]
d: 9 h:	6	[[5, 4], [2, 0], [1, 3]]
d: 8 h:	8	[[5, 4], [2], [1, 3, 0]]
d: 7 h:	9	[[5], [2, 4], [1, 3, 0]]
d: 6 h:	10	[[], [2, 4, 5], [1, 3, 0]]
d: 5 h:	12	[[0], [2, 4, 5], [1, 3]]
d: 4 h:	14	[[0, 3], [2, 4, 5], [1]]
d: 3 h:	17	[[0, 3, 1], [2, 4, 5], []]
d: 2 h:	21	[[0, 3, 1, 5], [2, 4], []]
d: 1 h:	25	[[0, 3, 1, 5, 4], [2], []]
d: 0 h:	28	[[0, 3, 1, 5, 4, 2], [], []]
*********** Performance Summary: Search  True
Goal Depth  18
Nodes expanded  20
Heuristic time  0.000572
Total Time  0.041325
d: 18 h:	0	[[5, 4, 3, 2, 1, 0], [], []]
d: 17 h:	1	[[5, 4, 3, 2, 1], [0], []]
d: 16 h:	2	[[5, 4, 3, 2], [0], [1]]
d: 15 h:	3	[[5, 4, 3], [0, 2], [1]]
d: 14 h:	4	[[5, 4, 3], [0, 2, 1], []]
d: 13 h:	5	[[5, 4], [0, 2, 1], [3]]
d: 12 h:	6	[[5, 4], [0, 2], [3, 1]]
d: 11 h:	7	[[5, 4], [0], [3, 1, 2]]
d: 10 h:	8	[[5], [0, 4], [3, 1, 2]]
d: 9 h:	9	[[5], [0, 4, 2], [3, 1]]
d: 8 h:	11	[[5], [0, 4, 2, 1], [3]]
d: 7 h:	12	[[], [0, 4, 2, 1], [3, 5]]
d: 6 h:	13	[[1], [0, 4, 2], [3, 5]]
d: 5 h:	14	[[1, 2], [0, 4], [3, 5]]
d: 4 h:	16	[[1, 2, 4], [0], [3, 5]]
d: 3 h:	19	[[1, 2, 4, 0], [], [3, 5]]
d: 2 h:	19	[[1, 2, 4, 0], [5], [3]]
d: 1 h:	22	[[1, 2, 4, 0, 3], [5], []]
d: 0 h:	28	[[1, 2, 4, 0, 3, 5], [], []]
*********** Performance Summary: Search  True
Goal Depth  12
Nodes expanded  12
Heuristic time  0.000218
Total Time  0.01167
d: 12 h:	0	[[5, 4, 3, 2, 1, 0], [], []]
d: 11 h:	1	[[5, 4, 3, 2, 1], [], [0]]
d: 10 h:	2	[[5, 4, 3, 2], [], [0, 1]]
d: 9 h:	3	[[5, 4, 3], [], [0, 1, 2]]
d: 8 h:	4	[[5, 4], [], [0, 1, 2, 3]]
d: 7 h:	5	[[5], [], [0, 1, 2, 3, 4]]
d: 6 h:	6	[[], [5], [0, 1, 2, 3, 4]]
d: 5 h:	8	[[4], [5], [0, 1, 2, 3]]
d: 4 h:	10	[[4, 3], [5], [0, 1, 2]]
d: 3 h:	12	[[4, 3, 2], [5], [0, 1]]
d: 2 h:	14	[[4, 3, 2, 1], [5], [0]]
d: 1 h:	16	[[4, 3, 2, 1, 0], [5], []]
d: 0 h:	22	[[4, 3, 2, 1, 0, 5], [], []]
*********** Performance Summary: Search  True
Goal Depth  12
Nodes expanded  12
Heuristic time  0.00021
Total Time  0.012297
d: 12 h:	0	[[5, 4, 3, 2, 1, 0], [], []]
d: 11 h:	1	[[5, 4, 3, 2, 1], [], [0]]
d: 10 h:	2	[[5, 4, 3, 2], [], [0, 1]]
d: 9 h:	3	[[5, 4, 3], [2], [0, 1]]
d: 8 h:	4	[[5, 4], [2, 3], [0, 1]]
d: 7 h:	5	[[5], [2, 3], [0, 1, 4]]
d: 6 h:	6	[[], [2, 3, 5], [0, 1, 4]]
d: 5 h:	8	[[4], [2, 3, 5], [0, 1]]
d: 4 h:	12	[[4, 1], [2, 3, 5], [0]]
d: 3 h:	16	[[4, 1, 0], [2, 3, 5], []]
d: 2 h:	20	[[4, 1, 0, 5], [2, 3], []]
d: 1 h:	23	[[4, 1, 0, 5, 3], [2], []]
d: 0 h:	26	[[4, 1, 0, 5, 3, 2], [], []]
*********** Performance Summary: Search  True
Goal Depth  16
Nodes expanded  19
Heuristic time  0.000433
Total Time  0.028663
d: 16 h:	0	[[5, 4, 3, 2, 1, 0], [], []]
d: 15 h:	1	[[5, 4, 3, 2, 1], [], [0]]
d: 14 h:	2	[[5, 4, 3, 2], [], [0, 1]]
d: 13 h:	3	[[5, 4, 3], [2], [0, 1]]
d: 12 h:	4	[[5, 4, 3], [2, 1], [0]]
d: 11 h:	5	[[5, 4], [2, 1], [0, 3]]
d: 10 h:	6	[[5, 4], [2], [0, 3, 1]]
d: 9 h:	7	[[5], [2, 4], [0, 3, 1]]
d: 8 h:	9	[[5], [2, 4, 1], [0, 3]]
d: 7 h:	10	[[], [2, 4, 1], [0, 3, 5]]
d: 6 h:	11	[[1], [2, 4], [0, 3, 5]]
d: 5 h:	12	[[1, 4], [2], [0, 3, 5]]
d: 4 h:	14	[[1, 4, 2], [], [0, 3, 5]]
d: 3 h:	14	[[1, 4, 2], [5], [0, 3]]
d: 2 h:	16	[[1, 4, 2, 3], [5], [0]]
d: 1 h:	18	[[1, 4, 2, 3, 0], [5], []]
d: 0 h:	24	[[1, 4, 2, 3, 0, 5], [], []]
*********** Performance Summary: Search  True
Goal Depth  14
Nodes expanded  24
Heuristic time  0.000792
Total Time  0.04409
d: 14 h:	0	[[5, 4, 3, 2, 1, 0], [], []]
d: 13 h:	1	[[5, 4, 3, 2, 1], [], [0]]
d: 12 h:	2	[[5, 4, 3, 2], [1], [0]]
d: 11 h:	3	[[5, 4, 3], [1], [0, 2]]
d: 10 h:	4	[[5, 4], [1], [0, 2, 3]]
d: 9 h:	7	[[5, 4], [], [0, 2, 3, 1]]
d: 8 h:	8	[[5], [], [0, 2, 3, 1, 4]]
d: 7 h:	9	[[], [5], [0, 2, 3, 1, 4]]
d: 6 h:	10	[[], [5, 4], [0, 2, 3, 1]]
d: 5 h:	12	[[1], [5, 4], [0, 2, 3]]
d: 4 h:	12	[[1, 4], [5], [0, 2, 3]]
d: 3 h:	13	[[1, 4, 3], [5], [0, 2]]
d: 2 h:	14	[[1, 4, 3, 2], [5], [0]]
d: 1 h:	16	[[1, 4, 3, 2, 0], [5], []]
d: 0 h:	22	[[1, 4, 3, 2, 0, 5], [], []]

Process finished with exit code 0
