/System/Library/Frameworks/Python.framework/Versions/2.6/bin/python2.6 /Users/no/TowersCorvallis/main.py
***** Running the Towers of Corvallis with the following settings
***** VERBOSE = 	False
***** MODE = 		TEST_A_STAR
***** FILENAME = 	perms-6.txt
***** NMAX = 	50000
***** BEAM WIDTH = 100
***** SEARCH FN = A_STAR
***** HEURISTIC FN = WEIGHTED_NUM_DISCS_OUT_OF_PLACE_ALL_PEG
***** PROBLEM Size = 10

*********** Performance Summary: Search True
Goal Depth  15
Nodes expanded  4425
Heuristic time  0.122264
Total Time  87.45518
d: 15 h:	0.0	[[5, 4, 3, 2, 1, 0], [], []]
d: 13 h:	0.0	[[5, 4, 3, 2, 1], [], [0]]
d: 13 h:	0.0	[[5, 4, 3, 2], [], [0, 1]]
d: 12 h:	0.0	[[5, 4, 3], [], [0, 1, 2]]
d: 11 h:	0.0	[[5, 4], [], [0, 1, 2, 3]]
d: 10 h:	2.0	[[5], [4], [0, 1, 2, 3]]
d: 9 h:	2.5	[[], [4, 5], [0, 1, 2, 3]]
d: 8 h:	3.0	[[], [4, 5, 3], [0, 1, 2]]
d: 7 h:	5.0	[[2], [4, 5, 3], [0, 1]]
d: 6 h:	5.5	[[2], [4, 5, 3, 1], [0]]
d: 5 h:	6.5	[[2, 0], [4, 5, 3, 1], []]
d: 4 h:	8.0	[[2, 0], [4, 5, 3], [1]]
d: 3 h:	7.83333333333	[[2, 0, 3], [4, 5], [1]]
d: 2 h:	8.0	[[2, 0, 3, 5], [4], [1]]
d: 1 h:	6.4	[[2, 0, 3, 5, 1], [4], []]
d: 0 h:	5.0	[[2, 0, 3, 5, 1, 4], [], []]
*********** Performance Summary: Search True
Goal Depth  13
Nodes expanded  1721
Heuristic time  0.0453719999998
Total Time  15.615414
d: 13 h:	0.0	[[5, 4, 3, 2, 1, 0], [], []]
d: 12 h:	0.0	[[5, 4, 3, 2, 1], [0], []]
d: 11 h:	0.0	[[5, 4, 3, 2], [0, 1], []]
d: 10 h:	0.0	[[5, 4, 3], [0, 1, 2], []]
d: 9 h:	2.0	[[5, 4], [0, 1, 2], [3]]
d: 8 h:	2.5	[[5], [0, 1, 2, 4], [3]]
d: 7 h:	3.0	[[], [0, 1, 2, 4], [3, 5]]
d: 6 h:	3.0	[[], [0, 1, 2], [3, 5, 4]]
d: 5 h:	5.0	[[2], [0, 1], [3, 5, 4]]
d: 4 h:	6.0	[[2, 1], [0], [3, 5, 4]]
d: 3 h:	6.5	[[2, 1, 4], [0], [3, 5]]
d: 2 h:	7.0	[[2, 1, 4, 5], [0], [3]]
d: 1 h:	6.0	[[2, 1, 4, 5, 3], [0], []]
d: 0 h:	6.66666666667	[[2, 1, 4, 5, 3, 0], [], []]
*********** Performance Summary: Search True
Goal Depth  14
Nodes expanded  2667
Heuristic time  0.0611519999998
Total Time  31.931862
d: 14 h:	0.0	[[5, 4, 3, 2, 1, 0], [], []]
d: 13 h:	0.0	[[5, 4, 3, 2, 1], [], [0]]
d: 12 h:	0.0	[[5, 4, 3, 2], [], [0, 1]]
d: 11 h:	0.0	[[5, 4, 3], [], [0, 1, 2]]
d: 10 h:	0.0	[[5, 4], [], [0, 1, 2, 3]]
d: 9 h:	2.0	[[5], [4], [0, 1, 2, 3]]
d: 8 h:	2.5	[[5], [4, 3], [0, 1, 2]]
d: 7 h:	3.0	[[], [4, 3, 5], [0, 1, 2]]
d: 6 h:	5.0	[[2], [4, 3, 5], [0, 1]]
d: 5 h:	5.5	[[2, 5], [4, 3], [0, 1]]
d: 4 h:	6.0	[[2, 5], [4, 3, 1], [0]]
d: 3 h:	7.0	[[2, 5, 0], [4, 3, 1], []]
d: 2 h:	7.5	[[2, 5, 0, 1], [4, 3], []]
d: 1 h:	8.0	[[2, 5, 0, 1, 3], [4], []]
d: 0 h:	7.0	[[2, 5, 0, 1, 3, 4], [], []]
*********** Performance Summary: Search True
Goal Depth  12
Nodes expanded  1002
Heuristic time  0.0266250000002
Total Time  6.310011
d: 12 h:	0.0	[[5, 4, 3, 2, 1, 0], [], []]
d: 11 h:	0.0	[[5, 4, 3, 2, 1], [], [0]]
d: 10 h:	0.0	[[5, 4, 3, 2], [], [0, 1]]
d: 9 h:	2.0	[[5, 4, 3], [2], [0, 1]]
d: 8 h:	1.5	[[5, 4, 3], [2, 1], [0]]
d: 7 h:	2.0	[[5, 4], [2, 1, 3], [0]]
d: 6 h:	2.5	[[5], [2, 1, 3, 4], [0]]
d: 5 h:	3.5	[[5, 0], [2, 1, 3, 4], []]
d: 4 h:	5.0	[[5, 0], [2, 1, 3], [4]]
d: 3 h:	4.83333333333	[[5, 0, 3], [2, 1], [4]]
d: 2 h:	3.5	[[5, 0, 3, 4], [2, 1], []]
d: 1 h:	4.4	[[5, 0, 3, 4, 1], [2], []]
d: 0 h:	3.0	[[5, 0, 3, 4, 1, 2], [], []]
*********** Performance Summary: Search True
Goal Depth  15
Nodes expanded  4600
Heuristic time  0.114533999999
Total Time  90.995266
d: 15 h:	0.0	[[5, 4, 3, 2, 1, 0], [], []]
d: 13 h:	0.0	[[5, 4, 3, 2, 1], [0], []]
d: 13 h:	0.0	[[5, 4, 3, 2], [0, 1], []]
d: 12 h:	2.0	[[5, 4, 3], [0, 1], [2]]
d: 11 h:	1.5	[[5, 4, 3], [0], [2, 1]]
d: 10 h:	2.5	[[5, 4], [0, 3], [2, 1]]
d: 9 h:	3.16666666667	[[5], [0, 3, 4], [2, 1]]
d: 8 h:	4.25	[[5], [0, 3, 4, 1], [2]]
d: 8 h:	2.8	[[5], [0, 3, 4, 1, 2], []]
d: 7 h:	4.8	[[], [0, 3, 4, 1, 2], [5]]
d: 6 h:	4.75	[[], [0, 3, 4, 1], [5, 2]]
d: 5 h:	6.16666666667	[[1], [0, 3, 4], [5, 2]]
d: 4 h:	5.5	[[1, 4], [0, 3], [5, 2]]
d: 3 h:	4.5	[[1, 4, 3], [0], [5, 2]]
d: 2 h:	5.0	[[1, 4, 3, 0], [], [5, 2]]
d: 1 h:	5.2	[[1, 4, 3, 0, 2], [], [5]]
d: 0 h:	4.0	[[1, 4, 3, 0, 2, 5], [], []]
*********** Performance Summary: Search True
Goal Depth  12
Nodes expanded  364
Heuristic time  0.00877700000044
Total Time  1.094851
d: 12 h:	0.0	[[5, 4, 3, 2, 1, 0], [], []]
d: 11 h:	0.0	[[5, 4, 3, 2, 1], [0], []]
d: 10 h:	2.0	[[5, 4, 3, 2], [0], [1]]
d: 9 h:	2.5	[[5, 4, 3], [0], [1, 2]]
d: 8 h:	3.5	[[5, 4], [0, 3], [1, 2]]
d: 7 h:	4.16666666667	[[5], [0, 3, 4], [1, 2]]
d: 6 h:	4.66666666667	[[], [0, 3, 4], [1, 2, 5]]
d: 5 h:	6.0	[[4], [0, 3], [1, 2, 5]]
d: 4 h:	6.0	[[4, 3], [0], [1, 2, 5]]
d: 3 h:	7.0	[[4, 3, 0], [], [1, 2, 5]]
d: 2 h:	7.5	[[4, 3, 0, 5], [], [1, 2]]
d: 1 h:	8.0	[[4, 3, 0, 5, 2], [], [1]]
d: 0 h:	7.0	[[4, 3, 0, 5, 2, 1], [], []]
*********** Performance Summary: Search True
Goal Depth  11
Nodes expanded  511
Heuristic time  0.0153789999999
Total Time  2.211093
d: 11 h:	0.0	[[5, 4, 3, 2, 1, 0], [], []]
d: 10 h:	0.0	[[5, 4, 3, 2, 1], [0], []]
d: 9 h:	2.0	[[5, 4, 3, 2], [0], [1]]
d: 8 h:	2.5	[[5, 4, 3], [0], [1, 2]]
d: 7 h:	3.0	[[5, 4], [0], [1, 2, 3]]
d: 6 h:	3.5	[[5], [0], [1, 2, 3, 4]]
d: 5 h:	4.5	[[5, 0], [], [1, 2, 3, 4]]
d: 4 h:	5.0	[[5, 0, 4], [], [1, 2, 3]]
d: 3 h:	6.5	[[5, 0, 4], [3], [1, 2]]
d: 2 h:	6.5	[[5, 0, 4, 2], [3], [1]]
d: 1 h:	4.8	[[5, 0, 4, 2, 1], [3], []]
d: 0 h:	3.33333333333	[[5, 0, 4, 2, 1, 3], [], []]
*********** Performance Summary: Search True
Goal Depth  14
Nodes expanded  3022
Heuristic time  0.0754040000002
Total Time  40.775692
d: 14 h:	0.0	[[5, 4, 3, 2, 1, 0], [], []]
d: 13 h:	0.0	[[5, 4, 3, 2, 1], [], [0]]
d: 12 h:	0.0	[[5, 4, 3, 2], [], [0, 1]]
d: 11 h:	0.0	[[5, 4, 3], [], [0, 1, 2]]
d: 10 h:	0.0	[[5, 4], [], [0, 1, 2, 3]]
d: 9 h:	0.0	[[5], [], [0, 1, 2, 3, 4]]
d: 8 h:	2.0	[[], [5], [0, 1, 2, 3, 4]]
d: 7 h:	2.5	[[], [5, 4], [0, 1, 2, 3]]
d: 6 h:	4.5	[[3], [5, 4], [0, 1, 2]]
d: 5 h:	4.0	[[3, 4], [5], [0, 1, 2]]
d: 4 h:	4.5	[[3, 4], [5, 2], [0, 1]]
d: 3 h:	5.16666666667	[[3, 4, 1], [5, 2], [0]]
d: 2 h:	5.0	[[3, 4, 1, 2], [5], [0]]
d: 1 h:	5.6	[[3, 4, 1, 2, 0], [5], []]
d: 0 h:	4.33333333333	[[3, 4, 1, 2, 0, 5], [], []]
*********** Performance Summary: Search True
Goal Depth  15
Nodes expanded  4073
Heuristic time  0.102133999997
Total Time  73.648391
d: 15 h:	0.0	[[5, 4, 3, 2, 1, 0], [], []]
d: 14 h:	0.0	[[5, 4, 3, 2, 1], [], [0]]
d: 13 h:	0.0	[[5, 4, 3, 2], [], [0, 1]]
d: 12 h:	2.0	[[5, 4, 3], [2], [0, 1]]
d: 11 h:	1.5	[[5, 4, 3], [2, 1], [0]]
d: 10 h:	2.0	[[5, 4], [2, 1, 3], [0]]
d: 9 h:	2.5	[[5, 4], [2, 1, 3, 0], []]
d: 8 h:	2.6	[[5], [2, 1, 3, 0, 4], []]
d: 7 h:	4.6	[[], [2, 1, 3, 0, 4], [5]]
d: 6 h:	5.0	[[], [2, 1, 3, 0], [5, 4]]
d: 5 h:	6.5	[[0], [2, 1, 3], [5, 4]]
d: 4 h:	7.0	[[0, 3], [2, 1], [5, 4]]
d: 3 h:	7.5	[[0, 3, 4], [2, 1], [5]]
d: 2 h:	9.0	[[0, 3, 4, 1], [2], [5]]
d: 1 h:	8.0	[[0, 3, 4, 1, 5], [2], []]
d: 0 h:	7.0	[[0, 3, 4, 1, 5, 2], [], []]
*********** Performance Summary: Search True
Goal Depth  14
Nodes expanded  2051
Heuristic time  0.0509630000016
Total Time  21.010775
d: 14 h:	0.0	[[5, 4, 3, 2, 1, 0], [], []]
d: 13 h:	0.0	[[5, 4, 3, 2, 1], [0], []]
d: 12 h:	0.0	[[5, 4, 3, 2], [0, 1], []]
d: 11 h:	2.0	[[5, 4, 3], [0, 1], [2]]
d: 10 h:	1.5	[[5, 4, 3], [0], [2, 1]]
d: 9 h:	2.0	[[5, 4], [0], [2, 1, 3]]
d: 8 h:	2.5	[[5, 4], [], [2, 1, 3, 0]]
d: 7 h:	4.5	[[5], [4], [2, 1, 3, 0]]
d: 6 h:	5.0	[[], [4, 5], [2, 1, 3, 0]]
d: 5 h:	6.5	[[0], [4, 5], [2, 1, 3]]
d: 4 h:	7.0	[[0, 3], [4, 5], [2, 1]]
d: 3 h:	8.5	[[0, 3, 1], [4, 5], [2]]
d: 2 h:	9.0	[[0, 3, 1, 5], [4], [2]]
d: 1 h:	8.0	[[0, 3, 1, 5, 2], [4], []]
d: 0 h:	7.0	[[0, 3, 1, 5, 2, 4], [], []]
*********** Performance Summary: Search True
Goal Depth  12
Nodes expanded  500
Heuristic time  0.0132279999988
Total Time  1.88487
d: 12 h:	0.0	[[5, 4, 3, 2, 1, 0], [], []]
d: 11 h:	0.0	[[5, 4, 3, 2, 1], [0], []]
d: 10 h:	0.0	[[5, 4, 3, 2], [0, 1], []]
d: 9 h:	2.0	[[5, 4, 3], [0, 1], [2]]
d: 8 h:	2.66666666667	[[5, 4], [0, 1, 3], [2]]
d: 7 h:	3.25	[[5], [0, 1, 3, 4], [2]]
d: 6 h:	3.75	[[], [0, 1, 3, 4], [2, 5]]
d: 5 h:	5.16666666667	[[4], [0, 1, 3], [2, 5]]
d: 4 h:	5.5	[[4, 3], [0, 1], [2, 5]]
d: 3 h:	6.5	[[4, 3, 1], [0], [2, 5]]
d: 2 h:	7.5	[[4, 3, 1, 0], [], [2, 5]]
d: 1 h:	8.0	[[4, 3, 1, 0, 5], [], [2]]
d: 0 h:	7.0	[[4, 3, 1, 0, 5, 2], [], []]
*********** Performance Summary: Search True
Goal Depth  14
Nodes expanded  2403
Heuristic time  0.0576250000001
Total Time  27.447019
d: 14 h:	0.0	[[5, 4, 3, 2, 1, 0], [], []]
d: 13 h:	0.0	[[5, 4, 3, 2, 1], [], [0]]
d: 12 h:	0.0	[[5, 4, 3, 2], [], [0, 1]]
d: 11 h:	0.0	[[5, 4, 3], [], [0, 1, 2]]
d: 10 h:	0.0	[[5, 4], [], [0, 1, 2, 3]]
d: 9 h:	0.0	[[5], [], [0, 1, 2, 3, 4]]
d: 8 h:	2.0	[[], [5], [0, 1, 2, 3, 4]]
d: 7 h:	2.5	[[], [5, 4], [0, 1, 2, 3]]
d: 6 h:	3.0	[[], [5, 4, 3], [0, 1, 2]]
d: 5 h:	5.0	[[2], [5, 4, 3], [0, 1]]
d: 4 h:	6.0	[[2, 1], [5, 4, 3], [0]]
d: 3 h:	7.0	[[2, 1, 0], [5, 4, 3], []]
d: 2 h:	7.5	[[2, 1, 0, 3], [5, 4], []]
d: 1 h:	8.0	[[2, 1, 0, 3, 4], [5], []]
d: 0 h:	7.0	[[2, 1, 0, 3, 4, 5], [], []]
*********** Performance Summary: Search True
Goal Depth  11
Nodes expanded  682
Heuristic time  0.017735999999
Total Time  3.087945
d: 11 h:	0.0	[[5, 4, 3, 2, 1, 0], [], []]
d: 9 h:	0.0	[[5, 4, 3, 2, 1], [], [0]]
d: 9 h:	0.0	[[5, 4, 3, 2], [], [0, 1]]
d: 8 h:	0.0	[[5, 4, 3], [], [0, 1, 2]]
d: 7 h:	0.0	[[5, 4], [], [0, 1, 2, 3]]
d: 6 h:	2.0	[[5], [4], [0, 1, 2, 3]]
d: 5 h:	3.0	[[5, 3], [4], [0, 1, 2]]
d: 4 h:	2.0	[[5, 3, 4], [], [0, 1, 2]]
d: 3 h:	2.5	[[5, 3, 4, 2], [], [0, 1]]
d: 2 h:	4.5	[[5, 3, 4, 2], [1], [0]]
d: 1 h:	5.2	[[5, 3, 4, 2, 0], [1], []]
d: 0 h:	4.0	[[5, 3, 4, 2, 0, 1], [], []]
*********** Performance Summary: Search True
Goal Depth  13
Nodes expanded  1824
Heuristic time  0.0438219999992
Total Time  16.463609
d: 13 h:	0.0	[[5, 4, 3, 2, 1, 0], [], []]
d: 12 h:	0.0	[[5, 4, 3, 2, 1], [0], []]
d: 11 h:	0.0	[[5, 4, 3, 2], [0, 1], []]
d: 10 h:	0.0	[[5, 4, 3], [0, 1, 2], []]
d: 9 h:	0.0	[[5, 4], [0, 1, 2, 3], []]
d: 8 h:	2.0	[[5], [0, 1, 2, 3], [4]]
d: 7 h:	2.5	[[5], [0, 1, 2], [4, 3]]
d: 6 h:	3.0	[[], [0, 1, 2], [4, 3, 5]]
d: 5 h:	5.0	[[2], [0, 1], [4, 3, 5]]
d: 4 h:	5.5	[[2, 5], [0, 1], [4, 3]]
d: 3 h:	5.33333333333	[[2, 5, 3], [0, 1], [4]]
d: 2 h:	4.0	[[2, 5, 3, 4], [0, 1], []]
d: 1 h:	4.4	[[2, 5, 3, 4, 1], [0], []]
d: 0 h:	4.66666666667	[[2, 5, 3, 4, 1, 0], [], []]
*********** Performance Summary: Search True
Goal Depth  14
Nodes expanded  2093
Heuristic time  0.0514110000004
Total Time  21.327868
d: 14 h:	0.0	[[5, 4, 3, 2, 1, 0], [], []]
d: 13 h:	0.0	[[5, 4, 3, 2, 1], [], [0]]
d: 12 h:	0.0	[[5, 4, 3, 2], [], [0, 1]]
d: 11 h:	2.0	[[5, 4, 3], [2], [0, 1]]
d: 10 h:	1.5	[[5, 4, 3], [2, 1], [0]]
d: 9 h:	2.0	[[5, 4], [2, 1, 3], [0]]
d: 8 h:	2.5	[[5, 4], [2, 1, 3, 0], []]
d: 7 h:	4.5	[[5], [2, 1, 3, 0], [4]]
d: 6 h:	5.0	[[], [2, 1, 3, 0], [4, 5]]
d: 5 h:	6.5	[[0], [2, 1, 3], [4, 5]]
d: 4 h:	7.0	[[0, 3], [2, 1], [4, 5]]
d: 3 h:	8.5	[[0, 3, 1], [2], [4, 5]]
d: 2 h:	9.0	[[0, 3, 1, 5], [2], [4]]
d: 1 h:	8.0	[[0, 3, 1, 5, 4], [2], []]
d: 0 h:	7.0	[[0, 3, 1, 5, 4, 2], [], []]
*********** Performance Summary: Search True
Goal Depth  15
Nodes expanded  4659
Heuristic time  0.113917000004
Total Time  92.509922
d: 15 h:	0.0	[[5, 4, 3, 2, 1, 0], [], []]
d: 14 h:	0.0	[[5, 4, 3, 2, 1], [], [0]]
d: 13 h:	0.0	[[5, 4, 3, 2], [], [0, 1]]
d: 12 h:	0.0	[[5, 4, 3], [], [0, 1, 2]]
d: 12 h:	0.0	[[5, 4], [], [0, 1, 2, 3]]
d: 11 h:	0.0	[[5], [], [0, 1, 2, 3, 4]]
d: 10 h:	2.0	[[], [5], [0, 1, 2, 3, 4]]
d: 10 h:	2.5	[[], [5, 4], [0, 1, 2, 3]]
d: 9 h:	3.0	[[], [5, 4, 3], [0, 1, 2]]
d: 8 h:	3.5	[[], [5, 4, 3, 2], [0, 1]]
d: 7 h:	5.5	[[1], [5, 4, 3, 2], [0]]
d: 6 h:	6.0	[[1, 2], [5, 4, 3], [0]]
d: 5 h:	6.5	[[1, 2], [5, 4], [0, 3]]
d: 4 h:	7.0	[[1, 2, 4], [5], [0, 3]]
d: 3 h:	6.5	[[1, 2, 4], [5, 3], [0]]
d: 2 h:	7.5	[[1, 2, 4, 0], [5, 3], []]
d: 1 h:	8.0	[[1, 2, 4, 0, 3], [5], []]
d: 0 h:	7.0	[[1, 2, 4, 0, 3, 5], [], []]
*********** Performance Summary: Search True
Goal Depth  12
Nodes expanded  663
Heuristic time  0.023154000003
Total Time  3.542848
d: 12 h:	0.0	[[5, 4, 3, 2, 1, 0], [], []]
d: 11 h:	0.0	[[5, 4, 3, 2, 1], [], [0]]
d: 10 h:	0.0	[[5, 4, 3, 2], [], [0, 1]]
d: 9 h:	0.0	[[5, 4, 3], [], [0, 1, 2]]
d: 8 h:	0.0	[[5, 4], [], [0, 1, 2, 3]]
d: 7 h:	0.0	[[5], [], [0, 1, 2, 3, 4]]
d: 6 h:	2.0	[[], [5], [0, 1, 2, 3, 4]]
d: 5 h:	4.0	[[4], [5], [0, 1, 2, 3]]
d: 4 h:	5.0	[[4, 3], [5], [0, 1, 2]]
d: 3 h:	6.0	[[4, 3, 2], [5], [0, 1]]
d: 2 h:	7.0	[[4, 3, 2, 1], [5], [0]]
d: 1 h:	8.0	[[4, 3, 2, 1, 0], [5], []]
d: 0 h:	7.0	[[4, 3, 2, 1, 0, 5], [], []]
*********** Performance Summary: Search True
Goal Depth  12
Nodes expanded  228
Heuristic time  0.00572000000045
Total Time  0.547134
d: 12 h:	0.0	[[5, 4, 3, 2, 1, 0], [], []]
d: 11 h:	0.0	[[5, 4, 3, 2, 1], [], [0]]
d: 10 h:	0.0	[[5, 4, 3, 2], [], [0, 1]]
d: 9 h:	2.0	[[5, 4, 3], [2], [0, 1]]
d: 8 h:	2.5	[[5, 4], [2, 3], [0, 1]]
d: 7 h:	3.16666666667	[[5], [2, 3], [0, 1, 4]]
d: 6 h:	3.66666666667	[[], [2, 3, 5], [0, 1, 4]]
d: 5 h:	5.0	[[4], [2, 3, 5], [0, 1]]
d: 4 h:	6.0	[[4, 1], [2, 3, 5], [0]]
d: 3 h:	7.0	[[4, 1, 0], [2, 3, 5], []]
d: 2 h:	7.5	[[4, 1, 0, 5], [2, 3], []]
d: 1 h:	8.0	[[4, 1, 0, 5, 3], [2], []]
d: 0 h:	7.0	[[4, 1, 0, 5, 3, 2], [], []]
*********** Performance Summary: Search True
Goal Depth  15
Nodes expanded  4888
Heuristic time  0.127258999994
Total Time  101.665986
d: 15 h:	0.0	[[5, 4, 3, 2, 1, 0], [], []]
d: 13 h:	0.0	[[5, 4, 3, 2, 1], [], [0]]
d: 13 h:	0.0	[[5, 4, 3, 2], [], [0, 1]]
d: 12 h:	0.0	[[5, 4, 3], [], [0, 1, 2]]
d: 12 h:	0.0	[[5, 4], [], [0, 1, 2, 3]]
d: 11 h:	0.0	[[5], [], [0, 1, 2, 3, 4]]
d: 10 h:	2.0	[[], [5], [0, 1, 2, 3, 4]]
d: 9 h:	4.0	[[4], [5], [0, 1, 2, 3]]
d: 8 h:	4.5	[[4], [5, 3], [0, 1, 2]]
d: 7 h:	4.33333333333	[[4], [5, 3, 2], [0, 1]]
d: 6 h:	2.75	[[], [5, 3, 2, 4], [0, 1]]
d: 5 h:	4.75	[[1], [5, 3, 2, 4], [0]]
d: 4 h:	4.33333333333	[[1, 4], [5, 3, 2], [0]]
d: 3 h:	5.16666666667	[[1, 4, 2], [5, 3], [0]]
d: 2 h:	5.5	[[1, 4, 2, 3], [5], [0]]
d: 1 h:	6.4	[[1, 4, 2, 3, 0], [5], []]
d: 0 h:	5.33333333333	[[1, 4, 2, 3, 0, 5], [], []]
*********** Performance Summary: Search True
Goal Depth  14
Nodes expanded  2753
Heuristic time  0.0687019999959
Total Time  35.346299
d: 14 h:	0.0	[[5, 4, 3, 2, 1, 0], [], []]
d: 12 h:	0.0	[[5, 4, 3, 2, 1], [], [0]]
d: 12 h:	0.0	[[5, 4, 3, 2], [], [0, 1]]
d: 11 h:	2.0	[[5, 4, 3], [2], [0, 1]]
d: 10 h:	2.5	[[5, 4], [2, 3], [0, 1]]
d: 9 h:	3.0	[[5], [2, 3, 4], [0, 1]]
d: 8 h:	3.5	[[5], [2, 3, 4, 1], [0]]
d: 7 h:	4.5	[[], [2, 3, 4, 1], [0, 5]]
d: 6 h:	6.0	[[1], [2, 3, 4], [0, 5]]
d: 5 h:	5.5	[[1, 4], [2, 3], [0, 5]]
d: 4 h:	5.0	[[1, 4, 3], [2], [0, 5]]
d: 3 h:	3.0	[[1, 4, 3, 2], [], [0, 5]]
d: 2 h:	4.0	[[1, 4, 3, 2], [5], [0]]
d: 1 h:	4.4	[[1, 4, 3, 2, 0], [5], []]
d: 0 h:	3.0	[[1, 4, 3, 2, 0, 5], [], []]

Process finished with exit code 0
