/System/Library/Frameworks/Python.framework/Versions/2.6/bin/python2.6 /Users/no/TowersCorvallis/main.py
***** Running the Towers of Corvallis with the following settings
***** VERBOSE = 	False
***** MODE = 		TIMING
***** FILENAME = 	perms-3.txt
***** NMAX = 	500
***** BEAM WIDTH = 30
***** SEARCH FN = A_STAR
***** HEURISTIC FN = WEIGHTED_NUM_DISCS_OUT_OF_PLACE_ALL_PEG
***** PROBLEM Size = 10


***** Testing Timing, overriding certain flags
Search Function 	 Beam Width 	 Heuristic 	 Problem Size	Failures	Avg Solution Depth 	 Avg Nodes Expanded 	 Avg Heuristic Eval Time 	 Avg Total Time	Max Solution Depth 	 Max Nodes Expanded 	 Max Heuristic Eval Time 	 Max Total Time	Min Solution Depth 	 Min Nodes Expanded 	 Min Heuristic Eval Time 	 Min Total Time
BEAM	5	MANHATTAN_DISTANCE_ALL_PEG	3	0 	5	6	0.0001758	0.0065184 	7	8	0.000253	0.009578 	4	4	0.000125	0.004809
BEAM	5	MANHATTAN_DISTANCE_ALL_PEG	4	0 	7	8	0.0001441	0.0068124 	10	15	0.000241	0.011774 	4	4	5.09999999999e-05	0.001499
BEAM	5	MANHATTAN_DISTANCE_ALL_PEG	5	0 	11	12	0.0002529	0.0138677 	15	16	0.000411	0.020607 	6	6	9e-05	0.003927
BEAM	5	MANHATTAN_DISTANCE_ALL_PEG	6	0 	14	16	0.00040155	0.024166 	18	28	0.000703	0.043382 	10	10	0.000242	0.012448
BEAM	5	MANHATTAN_DISTANCE_ALL_PEG	7	0 	16	18	0.0004584	0.02900165 	19	28	0.000739	0.047738 	13	13	0.000297	0.016048
BEAM	5	MANHATTAN_DISTANCE_ALL_PEG	8	0 	20	29	0.000961200000001	0.08454835 	41	111	0.004096	0.483527 	17	18	0.000453999999999	0.028125
BEAM	5	MANHATTAN_DISTANCE_ALL_PEG	9	0 	27	48	0.00160915	0.3128255 	104	393	0.012789	4.694828 	18	19	0.000527999999996	0.035162
BEAM	5	MANHATTAN_DISTANCE_ALL_PEG	10	1 	26	41	0.0014397	0.14868475 	56	162	0.005383	0.983912 	23	23	0.000656999999986	0.050346
BEAM	5	WEIGHTED_NUM_DISCS_OUT_OF_PLACE_ALL_PEG	3	0 	5	14	0.000181400000002	0.0075522 	7	20	0.000211	0.010374 	4	9	0.000123000000009	0.004163
BEAM	5	WEIGHTED_NUM_DISCS_OUT_OF_PLACE_ALL_PEG	4	3 	6	23	0.000362650000001	0.0192173 	10	62	0.00082299999999	0.064295 	4	9	0.000171999999999	0.004851
BEAM	5	WEIGHTED_NUM_DISCS_OUT_OF_PLACE_ALL_PEG	5	1 	13	51	0.000888549999997	0.06513025 	23	99	0.00190299999997	0.173053 	6	19	0.000380000000003	0.012741
BEAM	5	WEIGHTED_NUM_DISCS_OUT_OF_PLACE_ALL_PEG	6	0 	25	116	0.00259280000002	0.3601294 	70	360	0.00780100000007	2.188287 	11	33	0.00057900000002	0.025781
BEAM	5	WEIGHTED_NUM_DISCS_OUT_OF_PLACE_ALL_PEG	7	3 	31	152	0.00398749999999	0.6927124 	89	438	0.012607	3.724561 	17	59	0.00163299999997	0.095071
BEAM	5	WEIGHTED_NUM_DISCS_OUT_OF_PLACE_ALL_PEG	8	7 	25	125	0.00384389999999	0.61653625 	83	411	0.0124839999996	3.289116 	18	79	0.00235999999994	0.15389
BEAM	5	WEIGHTED_NUM_DISCS_OUT_OF_PLACE_ALL_PEG	9	9 	24	112	0.00364845000001	0.598012 	78	388	0.0127859999997	3.071805 	22	96	0.00317699999997	0.225783
BEAM	5	WEIGHTED_NUM_DISCS_OUT_OF_PLACE_ALL_PEG	10	12 	22	106	0.00394644999996	0.70216215 	100	475	0.0175220000001	4.704208 	24	111	0.00378800000004	0.276965
BEAM	10	MANHATTAN_DISTANCE_ALL_PEG	3	0 	5	6	7.12000000135e-05	0.0030772 	7	8	9.50000001012e-05	0.00452100000001 	4	4	4.89999999616e-05	0.00151700000001
BEAM	10	MANHATTAN_DISTANCE_ALL_PEG	4	0 	7	8	0.000120349999985	0.00576765 	10	15	0.000227999999879	0.011225 	4	4	4.99999999874e-05	0.00151200000002
BEAM	10	MANHATTAN_DISTANCE_ALL_PEG	5	0 	11	12	0.000231050000001	0.01295205 	15	16	0.000336000000004	0.019696 	6	6	8.39999999869e-05	0.003208
BEAM	10	MANHATTAN_DISTANCE_ALL_PEG	6	0 	14	16	0.000357250000006	0.021876 	18	28	0.000669999999957	0.04068 	10	10	0.000205000000051	0.010108
BEAM	10	MANHATTAN_DISTANCE_ALL_PEG	7	0 	16	18	0.000455100000005	0.02884485 	19	28	0.000685000000004	0.043681 	13	13	0.000309000000129	0.01737
BEAM	10	MANHATTAN_DISTANCE_ALL_PEG	8	0 	19	25	0.000729849999986	0.0532728 	28	55	0.00155499999997	0.149307 	17	18	0.000444999999957	0.028795
BEAM	10	MANHATTAN_DISTANCE_ALL_PEG	9	0 	23	30	0.00101345000001	0.0781653 	28	57	0.00184799999997	0.155114 	18	19	0.000491000000011	0.032081
BEAM	10	MANHATTAN_DISTANCE_ALL_PEG	10	0 	26	39	0.00141105000003	0.11887385 	34	82	0.00304000000031	0.308666 	23	23	0.000725000000017	0.054433
BEAM	10	WEIGHTED_NUM_DISCS_OUT_OF_PLACE_ALL_PEG	3	0 	5	15	0.000193999999988	0.00842159999999 	7	22	0.000317999999936	0.01221 	4	9	0.000126999999964	0.00420499999998
BEAM	10	WEIGHTED_NUM_DISCS_OUT_OF_PLACE_ALL_PEG	4	2 	7	37	0.000513150000032	0.03027515 	10	80	0.00108600000007	0.077117 	4	9	0.000139000000047	0.00424100000001
BEAM	10	WEIGHTED_NUM_DISCS_OUT_OF_PLACE_ALL_PEG	5	5 	8	58	0.00108030000002	0.0742509 	15	126	0.00214199999996	0.198009 	6	27	0.000517000000087	0.019558
BEAM	10	WEIGHTED_NUM_DISCS_OUT_OF_PLACE_ALL_PEG	6	2 	16	141	0.00324775000005	0.36314475 	34	355	0.00890300000003	1.419852 	12	54	0.00115699999947	0.068512
BEAM	10	WEIGHTED_NUM_DISCS_OUT_OF_PLACE_ALL_PEG	7	1 	23	223	0.0058285999999	0.78704855 	40	486	0.0123999999993	2.571535 	15	99	0.00266900000071	0.188225
BEAM	10	WEIGHTED_NUM_DISCS_OUT_OF_PLACE_ALL_PEG	8	5 	20	191	0.0057365499998	0.78106985 	45	458	0.0141219999995	2.70541 	17	103	0.00279599999982	0.189442
BEAM	10	WEIGHTED_NUM_DISCS_OUT_OF_PLACE_ALL_PEG	9	15 	9	88	0.00304009999987	0.5327668 	54	488	0.017384999998	3.706474 	21	163	0.00485800000052	0.396141
BEAM	10	WEIGHTED_NUM_DISCS_OUT_OF_PLACE_ALL_PEG	10	15 	7	75	0.00276825000011	0.35017985 	40	393	0.014875	2.085645 	23	168	0.00533300000097	0.443631
BEAM	15	MANHATTAN_DISTANCE_ALL_PEG	3	0 	5	6	9.29999999698e-05	0.0036428 	7	8	0.000149999999962	0.00649999999996 	4	4	6.20000001277e-05	0.00181599999996
BEAM	15	MANHATTAN_DISTANCE_ALL_PEG	4	0 	7	8	0.000134100000056	0.00644789999999 	10	15	0.000256999999806	0.013812 	4	4	6.00000000759e-05	0.00186600000001
BEAM	15	MANHATTAN_DISTANCE_ALL_PEG	5	0 	11	12	0.000229599999992	0.0131223 	15	16	0.000382000000116	0.02375 	6	6	8.69999999509e-05	0.00320099999999
BEAM	15	MANHATTAN_DISTANCE_ALL_PEG	6	0 	14	16	0.000344750000068	0.02170115 	18	28	0.000648000000183	0.0440589999999 	10	10	0.000210999999865	0.010125
BEAM	15	MANHATTAN_DISTANCE_ALL_PEG	7	0 	16	18	0.000436999999926	0.0284692 	19	28	0.000695999999493	0.044093 	13	13	0.000283000000081	0.0168430000001
BEAM	15	MANHATTAN_DISTANCE_ALL_PEG	8	0 	19	25	0.000741949999971	0.0536842 	25	54	0.00184599999994	0.158542 	17	18	0.000465000000133	0.030822
BEAM	15	MANHATTAN_DISTANCE_ALL_PEG	9	0 	23	31	0.000975750000038	0.0767371 	28	57	0.0019420000001	0.18764 	18	19	0.000504999999976	0.032187
BEAM	15	MANHATTAN_DISTANCE_ALL_PEG	10	0 	26	40	0.00142029999994	0.118661 	34	81	0.00311799999969	0.279431 	23	23	0.000668000000132	0.048357
BEAM	15	WEIGHTED_NUM_DISCS_OUT_OF_PLACE_ALL_PEG	3	0 	5	15	0.000156800000082	0.00736759999999 	7	22	0.000207000000273	0.010638 	4	9	0.000116000000276	0.00422299999997
BEAM	15	WEIGHTED_NUM_DISCS_OUT_OF_PLACE_ALL_PEG	4	0 	7	49	0.000675499999963	0.04229025 	10	91	0.00110400000005	0.08684 	4	9	0.00016700000026	0.00491299999999
BEAM	15	WEIGHTED_NUM_DISCS_OUT_OF_PLACE_ALL_PEG	5	4 	8	84	0.00155765	0.11643315 	12	154	0.00335300000017	0.267119 	6	30	0.000572999999747	0.0227
BEAM	15	WEIGHTED_NUM_DISCS_OUT_OF_PLACE_ALL_PEG	6	4 	12	141	0.0030871	0.32512145 	30	447	0.0105799999994	1.919565 	11	93	0.00195400000001	0.123888
BEAM	15	WEIGHTED_NUM_DISCS_OUT_OF_PLACE_ALL_PEG	7	5 	14	193	0.00499824999997	0.63054235 	28	476	0.0127829999997	2.304299 	15	148	0.00393099999968	0.312832
BEAM	15	WEIGHTED_NUM_DISCS_OUT_OF_PLACE_ALL_PEG	8	11 	10	137	0.00422025000004	0.5308175 	31	470	0.0133330000027	2.284664 	18	200	0.00631400000179	0.582159
BEAM	15	WEIGHTED_NUM_DISCS_OUT_OF_PLACE_ALL_PEG	9	14 	8	102	0.00345714999989	0.44476485 	30	403	0.0131359999983	1.941733 	21	252	0.00873499999807	0.866478
BEAM	15	WEIGHTED_NUM_DISCS_OUT_OF_PLACE_ALL_PEG	10	18 	3	48	0.00196124999995	0.3120382 	36	491	0.0201799999982	3.127733 	34	483	0.0190450000008	3.113031
BEAM	20	MANHATTAN_DISTANCE_ALL_PEG	3	0 	5	6	7.55999999228e-05	0.00317480000001 	7	8	9.99999998612e-05	0.00446899999997 	4	4	4.79999999925e-05	0.00151600000004
BEAM	20	MANHATTAN_DISTANCE_ALL_PEG	4	0 	7	8	0.000129449999986	0.00622400000002 	10	15	0.000233999999864	0.011199 	4	4	4.70000001087e-05	0.00149500000009
BEAM	20	MANHATTAN_DISTANCE_ALL_PEG	5	0 	11	12	0.000252600000005	0.01411135 	15	16	0.000390999999581	0.02122 	6	6	8.40000000153e-05	0.003468
BEAM	20	MANHATTAN_DISTANCE_ALL_PEG	6	0 	14	16	0.000361799999888	0.022336 	18	28	0.000713000000019	0.043944 	10	10	0.000215000000026	0.011884
BEAM	20	MANHATTAN_DISTANCE_ALL_PEG	7	0 	16	18	0.000426949999968	0.0279814 	19	28	0.000714000000016	0.048793 	13	13	0.000292999999374	0.015897
BEAM	20	MANHATTAN_DISTANCE_ALL_PEG	8	0 	19	25	0.000756900000016	0.0546509 	25	54	0.00184899999965	0.157085 	17	18	0.000484999999571	0.029417
BEAM	20	MANHATTAN_DISTANCE_ALL_PEG	9	0 	23	31	0.00098940000006	0.07797725 	28	57	0.00201500000003	0.194133 	18	19	0.000500999999872	0.0322259999999
BEAM	20	MANHATTAN_DISTANCE_ALL_PEG	10	0 	26	41	0.00152530000013	0.12646755 	34	86	0.00391700000023	0.338268 	23	23	0.000709000000484	0.057172
BEAM	20	WEIGHTED_NUM_DISCS_OUT_OF_PLACE_ALL_PEG	3	0 	5	15	0.000156399999992	0.00734160000002 	7	22	0.000206999999705	0.0106500000001 	4	9	0.000116999999818	0.00420400000007
BEAM	20	WEIGHTED_NUM_DISCS_OUT_OF_PLACE_ALL_PEG	4	0 	7	52	0.000735449999968	0.0466177 	10	110	0.00136900000018	0.113899 	4	9	0.000139000000217	0.00422600000002
BEAM	20	WEIGHTED_NUM_DISCS_OUT_OF_PLACE_ALL_PEG	5	4 	8	102	0.00195900000001	0.1586453 	14	209	0.00459400000057	0.422666 	6	30	0.000629999999887	0.025188
BEAM	20	WEIGHTED_NUM_DISCS_OUT_OF_PLACE_ALL_PEG	6	5 	10	155	0.00339659999991	0.33507805 	17	277	0.00579599999901	0.632486 	12	141	0.00304400000039	0.235363
BEAM	20	WEIGHTED_NUM_DISCS_OUT_OF_PLACE_ALL_PEG	7	5 	14	239	0.00651610000033	0.8579268 	26	482	0.0150509999982	2.70815 	15	200	0.00553800000057	0.496645
BEAM	20	WEIGHTED_NUM_DISCS_OUT_OF_PLACE_ALL_PEG	8	10 	10	191	0.0058989999999	0.80484595 	24	484	0.014677000001	2.254212 	18	280	0.00917199999924	0.921951
BEAM	20	WEIGHTED_NUM_DISCS_OUT_OF_PLACE_ALL_PEG	9	16 	4	77	0.00272424999977	0.3619874 	26	469	0.0171479999984	2.55776 	19	289	0.0102669999999	1.064453
BEAM	20	WEIGHTED_NUM_DISCS_OUT_OF_PLACE_ALL_PEG	10	18 	2	44	0.00178330000018	0.24523035 	26	464	0.0183080000019	2.462807 	26	432	0.0173580000016	2.4418
BEAM	25	MANHATTAN_DISTANCE_ALL_PEG	3	0 	5	6	7.00000000506e-05	0.00305879999996 	7	8	9.60000002124e-05	0.00444299999992 	4	4	4.59999998839e-05	0.00152500000002
BEAM	25	MANHATTAN_DISTANCE_ALL_PEG	4	0 	7	8	0.000121850000022	0.00590855 	10	15	0.000249000000167	0.0127309999999 	4	4	5.6000000086e-05	0.00167199999999
BEAM	25	MANHATTAN_DISTANCE_ALL_PEG	5	0 	11	12	0.000236300000063	0.0134053 	15	16	0.00038799999993	0.021572 	6	6	8.4000000129e-05	0.00330300000007
BEAM	25	MANHATTAN_DISTANCE_ALL_PEG	6	0 	14	16	0.000349500000095	0.02191175 	18	28	0.000599000000193	0.038229 	10	10	0.000213000000258	0.012121
BEAM	25	MANHATTAN_DISTANCE_ALL_PEG	7	0 	16	18	0.00042390000001	0.02790465 	19	28	0.000697000000059	0.047317 	13	13	0.000266999999894	0.0150649999999
BEAM	25	MANHATTAN_DISTANCE_ALL_PEG	8	0 	19	25	0.000720449999943	0.05246255 	25	54	0.00185400000009	0.162236 	17	18	0.000452000000109	0.028494
BEAM	25	MANHATTAN_DISTANCE_ALL_PEG	9	0 	23	31	0.00101360000003	0.0793065 	28	57	0.00215999999978	0.202932 	18	19	0.00051899999994	0.033746
BEAM	25	MANHATTAN_DISTANCE_ALL_PEG	10	0 	26	41	0.00144065000009	0.12267105 	34	91	0.00342300000091	0.313911 	23	23	0.00067299999921	0.049549
BEAM	25	WEIGHTED_NUM_DISCS_OUT_OF_PLACE_ALL_PEG	3	0 	5	15	0.000195999999937	0.00913959999996 	7	22	0.000247999999829	0.012617 	4	9	0.000128999999902	0.00468999999998
BEAM	25	WEIGHTED_NUM_DISCS_OUT_OF_PLACE_ALL_PEG	4	0 	7	54	0.000861849999802	0.0550688 	10	116	0.00157499999955	0.145493 	4	9	0.000155000000177	0.00453299999992
BEAM	25	WEIGHTED_NUM_DISCS_OUT_OF_PLACE_ALL_PEG	5	6 	7	105	0.00200379999994	0.18332905 	15	278	0.00517099999945	0.641641 	6	30	0.0006589999997	0.0255569999999
BEAM	25	WEIGHTED_NUM_DISCS_OUT_OF_PLACE_ALL_PEG	6	5 	10	195	0.00436240000006	0.49071495 	18	407	0.00875200000121	1.233543 	11	160	0.00345099999868	0.276582
BEAM	25	WEIGHTED_NUM_DISCS_OUT_OF_PLACE_ALL_PEG	7	8 	10	204	0.00555999999981	0.7195753 	23	463	0.0128600000002	2.201241 	15	243	0.00749800000062	0.766793
BEAM	25	WEIGHTED_NUM_DISCS_OUT_OF_PLACE_ALL_PEG	8	13 	6	134	0.00415014999981	0.54909945 	23	441	0.0131680000013	1.873588 	17	289	0.00930799999924	0.974138
BEAM	25	WEIGHTED_NUM_DISCS_OUT_OF_PLACE_ALL_PEG	9	17 	3	63	0.00229195000011	0.29917405 	22	475	0.0155250000012	2.213971 	19	363	0.0150810000013	1.744692
BEAM	25	WEIGHTED_NUM_DISCS_OUT_OF_PLACE_ALL_PEG	10	20
BEAM	50	MANHATTAN_DISTANCE_ALL_PEG	3	0 	5	6	6.8599999895e-05	0.00284939999988 	7	8	9.399999999e-05	0.00428799999986 	4	4	4.899999999e-05	0.00150799999983
BEAM	50	MANHATTAN_DISTANCE_ALL_PEG	4	0 	7	8	0.000124899999935	0.00619459999999 	10	15	0.000236999999743	0.012532 	4	4	5.60000003134e-05	0.00189100000011
BEAM	50	MANHATTAN_DISTANCE_ALL_PEG	5	0 	11	12	0.000240149999729	0.01368395 	15	16	0.000445999999329	0.0240659999999 	6	6	8.40000002427e-05	0.00319800000011
BEAM	50	MANHATTAN_DISTANCE_ALL_PEG	6	0 	14	16	0.0003430000001	0.0211913 	18	28	0.00060700000131	0.038542 	10	10	0.000203000000056	0.00974100000008
BEAM	50	MANHATTAN_DISTANCE_ALL_PEG	7	0 	16	18	0.000424949999842	0.02733555 	19	28	0.000725999999759	0.0482930000001 	13	13	0.000270999999884	0.014617
BEAM	50	MANHATTAN_DISTANCE_ALL_PEG	8	0 	19	25	0.00070105000018	0.05063135 	25	54	0.00166999999897	0.150235 	17	18	0.000458999999182	0.0303279999998
BEAM	50	MANHATTAN_DISTANCE_ALL_PEG	9	0 	23	31	0.00101104999974	0.0799755 	28	57	0.00206100000037	0.201484 	18	19	0.000504999999748	0.0327300000001
BEAM	50	MANHATTAN_DISTANCE_ALL_PEG	10	0 	26	42	0.00148480000046	0.12667265 	34	97	0.00407199999972	0.385347 	23	23	0.000678999999764	0.04863
BEAM	50	WEIGHTED_NUM_DISCS_OUT_OF_PLACE_ALL_PEG	3	0 	5	15	0.000157000000036	0.00727039999997 	7	22	0.000206999999364	0.0105060000001 	4	9	0.000116000000617	0.00414799999999
BEAM	50	WEIGHTED_NUM_DISCS_OUT_OF_PLACE_ALL_PEG	4	0 	7	56	0.000766049999845	0.0528563 	10	127	0.00143200000116	0.140382 	4	9	0.000164999999924	0.00491499999998
BEAM	50	WEIGHTED_NUM_DISCS_OUT_OF_PLACE_ALL_PEG	5	5 	8	172	0.00313495000016	0.353463 	14	458	0.00836700000013	1.273827 	6	30	0.000555999999506	0.022594
BEAM	50	WEIGHTED_NUM_DISCS_OUT_OF_PLACE_ALL_PEG	6	11 	5	152	0.00333859999969	0.43527485 	15	499	0.0104579999957	1.714056 	11	220	0.00474599999893	0.467794
BEAM	50	WEIGHTED_NUM_DISCS_OUT_OF_PLACE_ALL_PEG	7	18 	1	44	0.00128325000026	0.17945815 	14	481	0.0132990000031	1.951874 	13	418	0.012366000002	1.637289
BEAM	50	WEIGHTED_NUM_DISCS_OUT_OF_PLACE_ALL_PEG	8	20
BEAM	50	WEIGHTED_NUM_DISCS_OUT_OF_PLACE_ALL_PEG	9	20
BEAM	50	WEIGHTED_NUM_DISCS_OUT_OF_PLACE_ALL_PEG	10	20
BEAM	100	MANHATTAN_DISTANCE_ALL_PEG	3	0 	5	6	7.26000001578e-05	0.00326920000002 	7	8	0.000110000000404	0.00539900000012 	4	4	4.70000002224e-05	0.0014900000001
BEAM	100	MANHATTAN_DISTANCE_ALL_PEG	4	0 	7	8	0.000131900000065	0.00627510000003 	10	15	0.000226999999995	0.011049 	4	4	5.10000002123e-05	0.00148599999989
BEAM	100	MANHATTAN_DISTANCE_ALL_PEG	5	0 	11	12	0.000227900000061	0.012792 	15	16	0.000333000000182	0.019378 	6	6	8.59999997829e-05	0.00316699999985
BEAM	100	MANHATTAN_DISTANCE_ALL_PEG	6	0 	14	16	0.000345100000004	0.0215117 	18	28	0.000602999999501	0.037902 	10	10	0.000202999999601	0.00970400000006
BEAM	100	MANHATTAN_DISTANCE_ALL_PEG	7	0 	16	18	0.000444150000044	0.0282698 	19	28	0.000685000000431	0.0450520000002 	13	13	0.000269000000117	0.014482
BEAM	100	MANHATTAN_DISTANCE_ALL_PEG	8	0 	19	25	0.000689399999703	0.050672 	25	54	0.00172599999928	0.147264 	17	18	0.000439999999571	0.0269360000002
BEAM	100	MANHATTAN_DISTANCE_ALL_PEG	9	0 	23	31	0.00100869999999	0.07838275 	28	57	0.00209899999822	0.193921 	18	19	0.000557000000072	0.0360330000001
BEAM	100	MANHATTAN_DISTANCE_ALL_PEG	10	0 	26	40	0.00137874999989	0.1173934 	34	75	0.0030790000003	0.279523 	23	23	0.000658000001522	0.0483549999999
BEAM	100	WEIGHTED_NUM_DISCS_OUT_OF_PLACE_ALL_PEG	3	0 	5	15	0.000174600000446	0.00802240000007 	7	22	0.00024899999994	0.012784 	4	9	0.000128000001041	0.00422100000014
BEAM	100	WEIGHTED_NUM_DISCS_OUT_OF_PLACE_ALL_PEG	4	0 	7	56	0.000826850000146	0.0559166 	10	127	0.00159200000189	0.149401 	4	9	0.000163999999586	0.00471300000004
BEAM	100	WEIGHTED_NUM_DISCS_OUT_OF_PLACE_ALL_PEG	5	1 	10	272	0.00482540000036	0.62734045 	12	494	0.00868999999989	1.447876 	6	30	0.000583000001143	0.0249720000002
BEAM	100	WEIGHTED_NUM_DISCS_OUT_OF_PLACE_ALL_PEG	6	16 	2	70	0.00162869999936	0.2144402 	12	438	0.0108949999917	1.471049 	11	226	0.00505499999849	0.507527
BEAM	100	WEIGHTED_NUM_DISCS_OUT_OF_PLACE_ALL_PEG	7	20
BEAM	100	WEIGHTED_NUM_DISCS_OUT_OF_PLACE_ALL_PEG	8	20
BEAM	100	WEIGHTED_NUM_DISCS_OUT_OF_PLACE_ALL_PEG	9	20
BEAM	100	WEIGHTED_NUM_DISCS_OUT_OF_PLACE_ALL_PEG	10	20
A_STAR	5	MANHATTAN_DISTANCE_ALL_PEG	3	0 	5	6	6.73999999435e-05	0.00282839999995 	7	8	9.49999996465e-05	0.004234 	4	4	4.90000002173e-05	0.00150899999994
A_STAR	5	MANHATTAN_DISTANCE_ALL_PEG	4	0 	7	8	0.00013169999994	0.00612550000004 	10	15	0.00022100000001	0.0109240000002 	4	4	8.1999999793e-05	0.00208399999997
A_STAR	5	MANHATTAN_DISTANCE_ALL_PEG	5	0 	11	12	0.000228250000202	0.01271615 	15	16	0.000329000000647	0.0195079999999 	6	6	0.000100000000657	0.00357200000008
A_STAR	5	MANHATTAN_DISTANCE_ALL_PEG	6	0 	14	16	0.000346849999721	0.0214712 	18	28	0.000602999999046	0.0371250000001 	10	10	0.000201000000061	0.00971199999981
A_STAR	5	MANHATTAN_DISTANCE_ALL_PEG	7	0 	16	18	0.000456299999962	0.0295876 	19	28	0.000786000000289	0.0515169999999 	13	13	0.00026800000046	0.014574
A_STAR	5	MANHATTAN_DISTANCE_ALL_PEG	8	0 	19	25	0.000705500000151	0.05099955 	25	54	0.00159999999983	0.143676 	17	18	0.000472000000855	0.0305150000002
A_STAR	5	MANHATTAN_DISTANCE_ALL_PEG	9	0 	23	31	0.000986599999862	0.0776069 	28	57	0.00192099999822	0.193431 	18	19	0.000558000000183	0.0339719999999
A_STAR	5	MANHATTAN_DISTANCE_ALL_PEG	10	0 	26	40	0.00142514999985	0.1196321 	34	75	0.00296800000001	0.267151 	23	23	0.000664999999572	0.0492809999998
A_STAR	5	WEIGHTED_NUM_DISCS_OUT_OF_PLACE_ALL_PEG	3	0 	5	15	0.000172000000202	0.00789120000004 	7	23	0.00022100000092	0.0115920000001 	4	9	0.000117999999929	0.00411899999995
A_STAR	5	WEIGHTED_NUM_DISCS_OUT_OF_PLACE_ALL_PEG	4	0 	7	57	0.000798549999854	0.054209 	10	136	0.00158099999976	0.157291 	4	9	0.000151999999844	0.00447000000008
A_STAR	5	WEIGHTED_NUM_DISCS_OUT_OF_PLACE_ALL_PEG	5	6 	7	163	0.00275295000018	0.3248069 	11	418	0.00703100000192	1.0699 	6	30	0.000542999999652	0.0212670000001
A_STAR	5	WEIGHTED_NUM_DISCS_OUT_OF_PLACE_ALL_PEG	6	18 	1	29	0.000662149999982	0.08015595 	12	364	0.00820100000078	1.088569 	12	228	0.00504199999887	0.51455
A_STAR	5	WEIGHTED_NUM_DISCS_OUT_OF_PLACE_ALL_PEG	7	20
A_STAR	5	WEIGHTED_NUM_DISCS_OUT_OF_PLACE_ALL_PEG	8	20
A_STAR	5	WEIGHTED_NUM_DISCS_OUT_OF_PLACE_ALL_PEG	9	20
A_STAR	5	WEIGHTED_NUM_DISCS_OUT_OF_PLACE_ALL_PEG	10	20

Process finished with exit code 0
